$ timeout 4 mpstat -P ALL 1
Linux 6.6.87.2-microsoft-standard-WSL2 (ddd) 	09/17/26 	_x86_64_	(24 CPU)

11:15:07     CPU    %usr   %nice    %sys %iowait    %irq   %soft  %steal  %guest  %gnice   %idle
11:15:08     all    0.12    0.00    0.08    0.00    0.00    0.04    0.00    0.00    0.00   99.75
11:15:08       0    0.00    0.00    0.00    0.00    0.00    0.99    0.00    0.00    0.00   99.01
11:15:08       1    0.00    0.00    0.00    0.00    0.00    0.00    0.00    0.00    0.00  100.00
11:15:08       2    0.00    0.00    0.00    0.00    0.00    0.00    0.00    0.00    0.00  100.00
11:15:08       3    0.00    0.00    0.00    0.00    0.00    0.00    0.00    0.00    0.00  100.00
11:15:08       4    0.00    0.00    0.00    0.00    0.00    0.00    0.00    0.00    0.00  100.00
11:15:08       5    0.00    0.00    0.00    0.00    0.00    0.00    0.00    0.00    0.00  100.00
11:15:08       6    0.00    0.00    0.00    0.00    0.00    0.00    0.00    0.00    0.00  100.00
11:15:08       7    0.00    0.00    0.00    0.00    0.00    0.00    0.00    0.00    0.00  100.00
11:15:08       8    0.00    0.00    0.00    0.00    0.00    0.00    0.00    0.00    0.00  100.00
11:15:08       9    0.00    0.00    0.00    0.00    0.00    0.00    0.00    0.00    0.00  100.00
11:15:08      10    0.00    0.00    0.00    0.00    0.00    0.00    0.00    0.00    0.00  100.00
11:15:08      11    0.00    0.00    0.00    0.00    0.00    0.00    0.00    0.00    0.00  100.00
11:15:08      12    0.00    0.00    0.00    0.00    0.00    0.00    0.00    0.00    0.00  100.00
11:15:08      13    0.98    0.00    0.98    0.00    0.00    0.00    0.00    0.00    0.00   98.04
11:15:08      14    0.00    0.00    1.00    0.00    0.00    0.00    0.00    0.00    0.00   99.00
11:15:08      15    0.00    0.00    0.00    0.00    0.00    0.00    0.00    0.00    0.00  100.00
11:15:08      16    0.00    0.00    0.00    0.00    0.00    0.00    0.00    0.00    0.00  100.00
11:15:08      17    0.99    0.00    0.00    0.00    0.00    0.00    0.00    0.00    0.00   99.01
11:15:08      18    0.99    0.00    0.00    0.00    0.00    0.00    0.00    0.00    0.00   99.01
11:15:08      19    0.00    0.00    0.00    0.00    0.00    0.00    0.00    0.00    0.00  100.00
11:15:08      20    0.00    0.00    0.00    0.00    0.00    0.00    0.00    0.00    0.00  100.00
11:15:08      21    0.00    0.00    0.00    0.00    0.00    0.00    0.00    0.00    0.00  100.00
11:15:08      22    0.00    0.00    0.00    0.00    0.00    0.00    0.00    0.00    0.00  100.00
11:15:08      23    0.00    0.00    0.00    0.00    0.00    0.00    0.00    0.00    0.00  100.00

11:15:08     CPU    %usr   %nice    %sys %iowait    %irq   %soft  %steal  %guest  %gnice   %idle
11:15:09     all    0.08    0.00    0.17    0.00    0.00    0.04    0.00    0.00    0.00   99.71
11:15:09       0    0.00    0.00    1.98    0.00    0.00    0.99    0.00    0.00    0.00   97.03
11:15:09       1    0.00    0.00    0.00    0.00    0.00    0.00    0.00    0.00    0.00  100.00
11:15:09       2    0.00    0.00    0.00    0.00    0.00    0.00    0.00    0.00    0.00  100.00
11:15:09       3    0.00    0.00    0.00    0.00    0.00    0.00    0.00    0.00    0.00  100.00
11:15:09       4    0.00    0.00    0.00    0.00    0.00    0.00    0.00    0.00    0.00  100.00
11:15:09       5    0.00    0.00    0.00    0.00    0.00    0.00    0.00    0.00    0.00  100.00
11:15:09       6    0.00    0.00    0.00    0.00    0.00    0.00    0.00    0.00    0.00  100.00
11:15:09       7    0.00    0.00    0.00    0.00    0.00    0.00    0.00    0.00    0.00  100.00
11:15:09       8    0.00    0.00    0.99    0.00    0.00    0.00    0.00    0.00    0.00   99.01
11:15:09       9    0.00    0.00    0.00    0.00    0.00    0.00    0.00    0.00    0.00  100.00
11:15:09      10    0.00    0.00    0.00    0.00    0.00    0.00    0.00    0.00    0.00  100.00
11:15:09      11    0.00    0.00    0.00    0.00    0.00    0.00    0.00    0.00    0.00  100.00
11:15:09      12    0.00    0.00    0.00    0.00    0.00    0.00    0.00    0.00    0.00  100.00
11:15:09      13    0.00    0.00    0.00    0.00    0.00    0.00    0.00    0.00    0.00  100.00
11:15:09      14    0.00    0.00    0.00    0.00    0.00    0.00    0.00    0.00    0.00  100.00
11:15:09      15    0.00    0.00    0.00    0.00    0.00    0.00    0.00    0.00    0.00  100.00
11:15:09      16    1.00    0.00    0.00    0.00    0.00    0.00    0.00    0.00    0.00   99.00
11:15:09      17    0.00    0.00    0.00    0.00    0.00    0.00    0.00    0.00    0.00  100.00
11:15:09      18    0.00    0.00    0.00    0.00    0.00    0.00    0.00    0.00    0.00  100.00
11:15:09      19    0.00    0.00    0.00    0.00    0.00    0.00    0.00    0.00    0.00  100.00
11:15:09      20    0.00    0.00    0.00    0.00    0.00    0.00    0.00    0.00    0.00  100.00
11:15:09      21    0.00    0.00    0.00    0.00    0.00    0.00    0.00    0.00    0.00  100.00
11:15:09      22    0.99    0.00    0.00    0.00    0.00    0.00    0.00    0.00    0.00   99.01
11:15:09      23    0.00    0.00    1.00    0.00    0.00    0.00    0.00    0.00    0.00   99.00

11:15:09     CPU    %usr   %nice    %sys %iowait    %irq   %soft  %steal  %guest  %gnice   %idle
11:15:10     all    0.00    0.00    0.04    0.00    0.00    0.00    0.00    0.00    0.00   99.96
11:15:10       0    0.00    0.00    1.01    0.00    0.00    0.00    0.00    0.00    0.00   98.99
11:15:10       1    0.00    0.00    0.00    0.00    0.00    0.00    0.00    0.00    0.00  100.00
11:15:10       2    0.00    0.00    0.00    0.00    0.00    0.00    0.00    0.00    0.00  100.00
11:15:10       3    0.00    0.00    0.00    0.00    0.00    0.00    0.00    0.00    0.00  100.00
11:15:10       4    0.00    0.00    0.00    0.00    0.00    0.00    0.00    0.00    0.00  100.00
11:15:10       5    0.00    0.00    0.00    0.00    0.00    0.00    0.00    0.00    0.00  100.00
11:15:10       6    0.00    0.00    0.00    0.00    0.00    0.00    0.00    0.00    0.00  100.00
11:15:10       7    0.00    0.00    0.00    0.00    0.00    0.00    0.00    0.00    0.00  100.00
11:15:10       8    0.00    0.00    0.00    0.00    0.00    0.00    0.00    0.00    0.00  100.00
11:15:10       9    0.00    0.00    0.00    0.00    0.00    0.00    0.00    0.00    0.00  100.00
11:15:10      10    0.00    0.00    0.00    0.00    0.00    0.00    0.00    0.00    0.00  100.00
11:15:10      11    0.00    0.00    0.00    0.00    0.00    0.00    0.00    0.00    0.00  100.00
11:15:10      12    0.00    0.00    0.00    0.00    0.00    0.00    0.00    0.00    0.00  100.00
11:15:10      13    0.00    0.00    0.00    0.00    0.00    0.00    0.00    0.00    0.00  100.00
11:15:10      14    0.00    0.00    0.00    0.00    0.00    0.00    0.00    0.00    0.00  100.00
11:15:10      15    0.00    0.00    0.00    0.00    0.00    0.00    0.00    0.00    0.00  100.00
11:15:10      16    0.00    0.00    0.00    0.00    0.00    0.00    0.00    0.00    0.00  100.00
11:15:10      17    0.00    0.00    0.00    0.00    0.00    0.00    0.00    0.00    0.00  100.00
11:15:10      18    0.00    0.00    0.00    0.00    0.00    0.00    0.00    0.00    0.00  100.00
11:15:10      19    0.00    0.00    0.00    0.00    0.00    0.00    0.00    0.00    0.00  100.00
11:15:10      20    0.00    0.00    0.00    0.00    0.00    0.00    0.00    0.00    0.00  100.00
11:15:10      21    0.00    0.00    0.00    0.00    0.00    0.00    0.00    0.00    0.00  100.00
11:15:10      22    0.00    0.00    0.00    0.00    0.00    0.00    0.00    0.00    0.00  100.00
11:15:10      23    0.00    0.00    0.00    0.00    0.00    0.00    0.00    0.00    0.00  100.00

[exit=124]
