$ cat /proc/softirqs
                    CPU0       CPU1       CPU2       CPU3       CPU4       CPU5       CPU6       CPU7       CPU8       CPU9       CPU10      CPU11      CPU12      CPU13      CPU14      CPU15      CPU16      CPU17      CPU18      CPU19      CPU20      CPU21      CPU22      CPU23      
          HI:          0          0          0          0          0          0          0          0          0          0          0          0          0          0          0          0          0          0          0          0          0          0          0          0
       TIMER:        656        286        466        251        873        843        723        322        554        208        800        957        802        636        655        348       1133        685        472        205        379        241        743        148
      NET_TX:          0          0          0          0          2          0          0          0          1          0          0          0          0          0          0          0          0          0          1          0          0          0          0          0
      NET_RX:         10          0          0          2          1          2         45         21         20          2          2         19          7         20          0          0          2          2          1          9          1          1          0          0
       BLOCK:          0          0          0          0          0          0          0          0          0          0          0          0          0          0          0          0          0          0          0          0          0          0          0          0
    IRQ_POLL:          0          0          0          0          0          0          0          0          0          0          0          0          0          0          0          0          0          0          0          0          0          0          0          0
     TASKLET:      31832       3825       4763       5223       5699       3399          0          0          0          0          0          0          0          0          0          0          0          0          0          0          0          0          0          0
       SCHED:      11130       6261       5482       4086       4630       4377       5354       3712       5010       2717       4810       3751       5071       3420       4276       3571       5112       3135       4753       3113       3988       3528       5114       2891
     HRTIMER:          0          0          0          0          0          0          0          0          0          0          0          0          0          0          0          0          0          0          0          0          0          0          0          0
         RCU:       5790       3858       5571       4462       5581       5833       5230       3133       5828       2938       5242       3416       5395       4019       4389       3161       5008       2867       5637       3631       4686       3423       5185       2604

[exit=0]
